recomendacoes_df
          0         1         2         3         4    ...       995       996       997       998       999
0    2.204878  2.619111  1.997366  3.092742  2.005456  ...  1.922627  3.896625  1.549113  3.863706  3.196238       
1    2.592071  2.595551  2.241104  3.163145  2.124686  ...  1.801004  4.001360  1.933602  3.969745  2.828891       
2    2.940165  2.946762  2.386997  3.112375  2.252688  ...  1.930228  3.862800  2.000841  4.336530  3.633723       
3    2.956916  2.886168  2.463604  3.344332  2.284493  ...  2.161983  4.015100  2.037895  4.103853  3.159209       
4    2.744312  2.847652  2.505487  2.957613  2.124902  ...  2.115700  3.929032  1.775788  3.981224  2.723141       
..        ...       ...       ...       ...       ...  ...       ...       ...       ...       ...       ...       
295  2.168433  2.580978  2.510142  3.184292  2.149813  ...  2.132904  3.836099  1.490215  3.202276  2.365931       
296  2.335727  2.460571  2.343527  3.240573  1.931082  ...  2.017531  3.884788  1.609259  3.515026  3.000704       
297  3.243715  3.081495  3.193596  3.460604  1.976902  ...  2.457974  4.381175  2.030832  4.332001  3.402680       
298  2.808862  2.854137  2.811193  3.319898  1.571263  ...  2.250074  3.132599  1.604148  3.107317  2.293502       
299  3.277895  3.877602  4.011979  3.927020  2.943307  ...  3.023863  4.665411  3.110677  4.692841  3.699907       

[300 rows x 1000 columns]
loss 3.573296355490653 / RMSE 1.8903391361236572 / accuracy 0.1945048121701335 / Precision@10 0.1 / Recall@10 0.125
RgrpActivity 0.01766797248754586 / RgrpGender 8.360058833410142e-05 / RgrpAge 0.052376253246160964
RgrpActivity_Losses 1    3.841620
2    3.575778
dtype: float64 / RgrpGender_Losses 1    3.591975
2    3.610262
dtype: float64 / RgrpAge_Losses 1    3.613452
2    3.659199
3    3.678133
4    3.365913
5    3.488201
6    3.927998
7    3.157686
dtype: float64